torus24:
[0,3]    96
[1,2]    96

trees90:
[0,3]    6912
[1,2]    20736

products72:
[0,6]    288
[1,5]    576
[2,3]    576
[4,7]    864

cographs1:
[0,3]    5971968
[1,2]    995328

bigtrees1:
[0,2]    442368
[1,3]    5308416

torus144:
[0, 6] / 576
[1, 7] / 576
[2, 4] / 576
[3, 10] / 576
[5, 9] / 1152
[8, 11] / 576

trees36:
[0, 7] 2
[1, 4] 6
[2, 6] 2
[3, 5] 6

modulesC:
[0, 7] 17915904
[1, 5] 17915904
[2, 4] 2488320
[3, 6] 2985984

cubes5:
[0, 1] 3840
[2, 3] 24

bigtrees3:
[0, 2]  2772351862699137701073289910157312
[1, 3]  462058643783189616845548318359552

cubes6:
[0, 1] 96
[2, 3] 46080